A2Paper: 1190.5511811023623 x 1683.7795275590554
PaperA3: 841.8897637795277 x 1190.5511811023623
PaperA4: 595.2755905511812 x 841.8897637795277
PaperLetter: 612.0 x 792.0